MAE:5.738496045909221
MSE:97.20771405484508
EVS:-0.3737640871972106
