MAE:10.491456205441187
MSE:177.59161073579077
EVS:0.08066400064527879
