MAE:3.546726517481777
MSE:29.199401461264763
EVS:0.9345629509809597
