MAE:7.711217553647655
MSE:87.20563982238117
EVS:0.07335445352340142
