MAE:10.794878741532655
MSE:185.8890598058977
EVS:0.06587619349943075
