MAE:24.652547021197297
MSE:832.5872295564861
EVS:0.11123475175088227
