MAE:3.5467182818932304
MSE:29.19938983032997
EVS:0.9345629732633406
