MAE:10.500051537761593
MSE:184.6686286040655
EVS:0.09723576192593475
