MAE:0.748981663303363
MSE:1.8923446518645672
EVS:0.9829669663683147
