MAE:6.7370217208929875
MSE:84.60756420665703
EVS:0.10408692625594029
