MAE:10.43237816679216
MSE:181.47998338409639
EVS:0.10451611288335672
