MAE:3.561114772818759
MSE:30.05460080399745
EVS:0.9319316133555196
