MAE:3.561121179851638
MSE:30.05460342541055
EVS:0.9319316074211118
