MAE:11.380818377976096
MSE:200.94239333029648
EVS:0.25682854942975564
